#Ma	Ra	avg_velo[]	positive_stream_area_fraction[]
1.0	1.0	0.16388751868811277	0.0
1.0	1.5848931924611136	0.16319712173406536	0.0
1.0	2.51188643150958	0.16210223051026046	0.0
1.0	3.981071705534973	0.16036525896763046	0.0
1.0	6.309573444801933	0.15760825325461114	0.0
1.0	10.0	0.1532289746542457	0.0
1.0	15.848931924611142	0.1462668496822479	0.0
1.0	25.11886431509581	0.13519254358796365	0.0
1.0	39.810717055349734	0.11761861276551629	0.0003950841817789934
1.0	63.09573444801933	0.09027999930281601	0.0038031522360677267
1.0	100.0	0.0551021049975282	0.41077575739012184
1.0	158.48931924611142	0.0836390373177314	0.9236744458203557
1.0	251.18864315095823	0.23574951264702723	0.9891805620439326
1.0	398.1071705534973	0.5598330235520922	0.9987448345552054
1.0	630.9573444801937	1.3190354282461012	1.0
1.0	1000.0	3.050769008198754	1.0
1.0	1584.893192461114	5.508286960694056	1.0
1.0	2511.886431509582	8.285345781701563	1.0
1.0	3981.0717055349733	11.481319214764405	1.0
1.0	6309.573444801937	15.281818670530233	1.0
1.0	10000.0	19.893071086807186	1.0
1.0	15848.93192461114	25.543008879825255	1.0
1.0	25118.864315095823	32.481073374408716	1.0
1.0	39810.71705534977	40.97581048141808	1.0
1.0	63095.73444801943	51.31388367261483	1.0
1.0	100000.0	63.79980605309747	1.0
1.5848931924611136	100000.0	63.80255577442386	1.0
1.5848931924611136	63095.73444801943	51.31679901025822	1.0
1.5848931924611136	39810.71705534977	40.97881712564113	1.0
1.5848931924611136	25118.864315095823	32.48403705750662	1.0
1.5848931924611136	15848.93192461114	25.545670362687993	1.0
1.5848931924611136	10000.0	19.894907010968332	1.0
1.5848931924611136	6309.573444801937	15.281753893571445	1.0
1.5848931924611136	3981.0717055349733	11.477088636189086	1.0
1.5848931924611136	2511.886431509582	8.271835099258944	1.0
1.5848931924611136	1584.893192461114	5.47237269722359	1.0
1.5848931924611136	1000.0	2.9595629844131066	1.0
1.5848931924611136	630.9573444801937	1.1839537835827048	0.9992348603370536
1.5848931924611136	398.1071705534973	0.44052934505221514	0.9906962369338556
1.5848931924611136	251.18864315095823	0.1430747158071493	0.9301583296795731
1.5848931924611136	158.48931924611142	0.0883200804317998	0.39965222913662696
1.5848931924611136	100.0	0.146707915550824	0.0024887142521193063
1.5848931924611136	63.09573444801933	0.1902666524740475	0.0003950841817789934
1.5848931924611136	39.810717055349734	0.21764084196735883	0.0
1.5848931924611136	25.11886431509581	0.23466617410174254	0.0
1.5848931924611136	15.848931924611142	0.24528511497696814	0.0
1.5848931924611136	10.0	0.25193205174890154	0.0
1.5848931924611136	6.309573444801933	0.2561040519551888	0.0
1.5848931924611136	3.981071705534973	0.25872755053871566	0.0
1.5848931924611136	2.51188643150958	0.2603792449183238	0.0
1.5848931924611136	1.5848931924611136	0.2614199669213457	0.0
1.5848931924611136	1.0	0.2620760481353402	0.0
2.51188643150958	1.0	0.4198763242526309	0.0
2.51188643150958	1.5848931924611136	0.41927792113308443	0.0
2.51188643150958	2.51188643150958	0.41832853988642615	0.0
2.51188643150958	3.981071705534973	0.4168214271961918	0.0
2.51188643150958	6.309573444801933	0.4144266669251109	0.0
2.51188643150958	10.0	0.41061563565915293	0.0
2.51188643150958	15.848931924611142	0.4045366285466902	0.0
2.51188643150958	25.11886431509581	0.3948038084799765	0.0
2.51188643150958	39.810717055349734	0.3791311464168099	0.0
2.51188643150958	63.09573444801933	0.3536742080865929	0.0
2.51188643150958	100.0	0.3118385025913684	0.0003950841817789934
2.51188643150958	158.48931924611142	0.24264377140523796	0.0016595650283098074
2.51188643150958	251.18864315095823	0.1428120905057272	0.3831569123683922
2.51188643150958	398.1071705534973	0.26214862925935	0.9409332192645506
2.51188643150958	630.9573444801937	0.9560223597651397	0.9937952023943337
2.51188643150958	1000.0	2.8031290339190043	0.9997081902931767
2.51188643150958	1584.893192461114	5.4137517914526905	1.0
2.51188643150958	2511.886431509582	8.25015713384656	1.0
2.51188643150958	3981.0717055349733	11.470325724939404	1.0
2.51188643150958	6309.573444801937	15.281630636348124	1.0
2.51188643150958	10000.0	19.897804753452878	1.0
2.51188643150958	15848.93192461114	25.549880045344775	1.0
2.51188643150958	25118.864315095823	32.48872825306979	1.0
2.51188643150958	39810.71705534977	40.98357825554355	1.0
2.51188643150958	63095.73444801943	51.32141671760847	1.0
2.51188643150958	100000.0	63.80691187014646	1.0
3.981071705534973	100000.0	63.81381096045766	1.0
3.981071705534973	63095.73444801943	51.328728211564325	1.0
3.981071705534973	39810.71705534977	40.99111376247864	1.0
3.981071705534973	25118.864315095823	32.49614816833239	1.0
3.981071705534973	15848.93192461114	25.556530133528288	1.0
3.981071705534973	10000.0	19.902365083449588	1.0
3.981071705534973	6309.573444801937	15.281379522462842	1.0
3.981071705534973	3981.0717055349733	11.4594558001549	1.0
3.981071705534973	2511.886431509582	8.215096783269505	1.0
3.981071705534973	1584.893192461114	5.316099932963627	1.0
3.981071705534973	1000.0	2.5160965399872803	0.9973155073283196
3.981071705534973	630.9573444801937	0.569074493636692	0.9584473642618839
3.981071705534973	398.1071705534973	0.23556624181465144	0.3395298148773452
3.981071705534973	251.18864315095823	0.4149650764095373	0.0013114001100346664
3.981071705534973	158.48931924611142	0.5226294560345934	0.0003950841817789934
3.981071705534973	100.0	0.5834069688865398	0.0
3.981071705534973	63.09573444801933	0.6190466972482839	0.0
3.981071705534973	39.810717055349734	0.6405243583916794	0.0
3.981071705534973	25.11886431509581	0.6536924710297761	0.0
3.981071705534973	15.848931924611142	0.6618530314080283	0.0
3.981071705534973	10.0	0.666944258501535	0.0
3.981071705534973	6.309573444801933	0.6701340506571114	0.0
3.981071705534973	3.981071705534973	0.6721375364621774	0.0
3.981071705534973	2.51188643150958	0.6733981209812833	0.0
3.981071705534973	1.5848931924611136	0.6741920952384018	0.0
3.981071705534973	1.0	0.674692502547418	0.0
6.309573444801933	1.0	1.0869036281253808	0.0
6.309573444801933	1.5848931924611136	1.086568724919606	0.0
6.309573444801933	2.51188643150958	1.0860373404119388	0.0
6.309573444801933	3.981071705534973	1.0851936489316716	0.0
6.309573444801933	6.309573444801933	1.08385269622696	0.0
6.309573444801933	10.0	1.0817178468073607	0.0
6.309573444801933	15.848931924611142	1.0783097862540627	0.0
6.309573444801933	25.11886431509581	1.0728463732550961	0.0
6.309573444801933	39.810717055349734	1.0640274083581167	0.0
6.309573444801933	63.09573444801933	1.0496320036610263	0.0
6.309573444801933	100.0	1.0256965531127749	0.0
6.309573444801933	158.48931924611142	0.9846369635868404	0.0
6.309573444801933	251.18864315095823	0.9102259943471142	0.0
6.309573444801933	398.1071705534973	0.760902858067693	0.0003950841817789934
6.309573444801933	630.9573444801937	0.4156021639285374	0.21537196222165914
6.309573444801933	1000.0	1.8892516201112175	0.985395627215831
6.309573444801933	1584.893192461114	5.147043001688063	0.9987448345552054
6.309573444801933	2511.886431509582	8.157596461880722	1.0
6.309573444801933	3981.0717055349733	11.441815603028482	1.0
6.309573444801933	6309.573444801937	15.280832808891446	1.0
6.309573444801933	10000.0	19.90950847939076	1.0
6.309573444801933	15848.93192461114	25.567013033997547	1.0
6.309573444801933	25118.864315095823	32.507868952623795	1.0
6.309573444801933	39810.71705534977	41.00303016314284	1.0
6.309573444801933	63095.73444801943	51.34029809667274	1.0
6.309573444801933	100000.0	63.82473293876268	1.0
10.0	100000.0	63.842011519692456	1.0
10.0	63095.73444801943	51.3585886915077	1.0
10.0	39810.71705534977	41.02184756195797	1.0
10.0	25118.864315095823	32.526343178213814	1.0
10.0	15848.93192461114	25.583476587297355	1.0
10.0	10000.0	19.920599627298042	1.0
10.0	6309.573444801937	15.279548290681547	1.0
10.0	3981.0717055349733	11.412687182798148	0.9997081902931767
10.0	2511.886431509582	8.06081722307579	0.9987448345552054
10.0	1584.893192461114	4.8286535913890685	0.9934771859704392
10.0	1000.0	1.30970957646111	0.0
10.0	630.9573444801937	1.615722626847105	0.0
10.0	398.1071705534973	1.6808002788097252	0.0
10.0	251.18864315095823	1.7091869832407616	0.0
10.0	158.48931924611142	1.7241701799987377	0.0
10.0	100.0	1.73274954952609	0.0
10.0	63.09573444801933	1.7378676465245664	0.0
10.0	39.810717055349734	1.7409905008249529	0.0
10.0	25.11886431509581	1.742920990959495	0.0
10.0	15.848931924611142	1.7441237990556764	0.0
10.0	10.0	1.7448767016015672	0.0
10.0	6.309573444801933	1.745349423562913	0.0
10.0	3.981071705534973	1.7456467727331642	0.0
10.0	2.51188643150958	1.745834023900063	0.0
10.0	1.5848931924611136	1.7459520272146742	0.0
10.0	1.0	1.7460264250014401	0.0
15.848931924611142	1.0	2.753931939963394	0.0
15.848931924611142	1.5848931924611136	2.7541870585173367	0.0
15.848931924611142	2.51188643150958	2.7545917865937892	0.0
15.848931924611142	3.981071705534973	2.755234227633843	0.0
15.848931924611142	6.309573444801933	2.7562549216960814	0.0
15.848931924611142	10.0	2.7578789012414378	0.0
15.848931924611142	15.848931924611142	2.760468630456699	0.0
15.848931924611142	25.11886431509581	2.7646125890837707	0.0
15.848931924611142	39.810717055349734	2.771283155316436	0.0
15.848931924611142	63.09573444801933	2.7821186683738257	0.0
15.848931924611142	100.0	2.7999793340293215	0.0
15.848931924611142	158.48931924611142	2.8301224751456524	0.0
15.848931924611142	251.18864315095823	2.882977262003751	0.0
15.848931924611142	398.1071705534973	2.9816104605431106	0.0
15.848931924611142	630.9573444801937	3.184907197010748	0.0
15.848931924611142	1000.0	3.663310813959778	0.0
15.848931924611142	1584.893192461114	4.81204323039954	0.0
15.848931924611142	2511.886431509582	6.862245000770188	0.0
15.848931924611142	3981.0717055349733	9.644042156198086	0.0
15.848931924611142	6309.573444801937	13.130508668682646	0.0
15.848931924611142	10000.0	17.441621840151583	0.0
15.848931924611142	15848.93192461114	22.76193157775746	0.0
15.848931924611142	25118.864315095823	29.315378421220927	0.0
15.848931924611142	39810.71705534977	37.34607029050628	0.0
15.848931924611142	63095.73444801943	47.07833633105868	0.0
15.848931924611142	100000.0	58.58904206909016	0.0
25.11886431509581	100000.0	58.83471444616718	0.0
25.11886431509581	63095.73444801943	47.328042801921804	0.0
25.11886431509581	39810.71705534977	37.623523914134665	0.0
25.11886431509581	25118.864315095823	29.638988773682357	0.0
25.11886431509581	15848.93192461114	23.154487065296053	0.0
25.11886431509581	10000.0	17.93664253348366	0.0
25.11886431509581	6309.573444801937	13.780686212206014	0.0
25.11886431509581	3981.0717055349733	10.53232690473329	0.0
25.11886431509581	2511.886431509582	8.100122167934863	0.0
25.11886431509581	1584.893192461114	6.43556977409651	0.0
25.11886431509581	1000.0	5.4344823842221635	0.0
25.11886431509581	630.9573444801937	4.885171993204022	0.0
25.11886431509581	398.1071705534973	4.586707119841255	0.0
25.11886431509581	251.18864315095823	4.419208734770683	0.0
25.11886431509581	158.48931924611142	4.3217673797509395	0.0
25.11886431509581	100.0	4.263491872664665	0.0
25.11886431509581	63.09573444801933	4.227971270309254	0.0
25.11886431509581	39.810717055349734	4.206048415766338	0.0
25.11886431509581	25.11886431509581	4.192408592267397	0.0
25.11886431509581	15.848931924611142	4.183878540614532	0.0
25.11886431509581	10.0	4.178526590638265	0.0
25.11886431509581	6.309573444801933	4.175161703949897	0.0
25.11886431509581	3.981071705534973	4.173043460062469	0.0
25.11886431509581	2.51188643150958	4.171708703011852	0.0
25.11886431509581	1.5848931924611136	4.170867294624358	0.0
25.11886431509581	1.0	4.170336706756801	0.0
39.810717055349734	1.0	6.000895432876714	0.0
39.810717055349734	1.5848931924611136	6.001559128165539	0.0
39.810717055349734	2.51188643150958	6.002611312618366	0.0
39.810717055349734	3.981071705534973	6.004279658814056	0.0
39.810717055349734	6.309573444801933	6.0069256832719145	0.0
39.810717055349734	10.0	6.01112412455303	0.0
39.810717055349734	15.848931924611142	6.017790003363374	0.0
39.810717055349734	25.11886431509581	6.028384411444432	0.0
39.810717055349734	39.810717055349734	6.045249833603029	0.0
39.810717055349734	63.09573444801933	6.072165855951123	0.0
39.810717055349734	100.0	6.115289019687986	0.0
39.810717055349734	158.48931924611142	6.1847856292150185	0.0
39.810717055349734	251.18864315095823	6.297753926215889	0.0
39.810717055349734	398.1071705534973	6.483570466036281	0.0
39.810717055349734	630.9573444801937	6.793545904388182	0.0
39.810717055349734	1000.0	7.31642368047646	0.0
39.810717055349734	1584.893192461114	8.193977219044962	0.0
39.810717055349734	2511.886431509582	9.611531471301872	0.0
39.810717055349734	3981.0717055349733	11.746210833967758	0.0
39.810717055349734	6309.573444801937	14.731555339972271	0.0
39.810717055349734	10000.0	18.68698011802981	0.0
39.810717055349734	15848.93192461114	23.76044091166894	0.0
39.810717055349734	25118.864315095823	30.143065294319417	0.0
39.810717055349734	39810.71705534977	38.057462392172255	0.0
39.810717055349734	63095.73444801943	47.71879508938362	0.0
39.810717055349734	100000.0	59.217269110493056	0.0
63.09573444801933	100000.0	59.8085203189585	0.0
63.09573444801933	63095.73444801943	48.32679960766926	0.0
63.09573444801933	39810.71705534977	38.73216225698066	0.0
63.09573444801933	25118.864315095823	30.922469284059016	0.0
63.09573444801933	15848.93192461114	24.686227805291182	0.0
63.09573444801933	10000.0	19.808018925708048	0.0
63.09573444801933	6309.573444801937	16.09830530795194	0.0
63.09573444801933	3981.0717055349733	13.390680352572153	0.0
63.09573444801933	2511.886431509582	11.517632289044021	0.0
63.09573444801933	1584.893192461114	10.291533052182473	0.0
63.09573444801933	1000.0	9.520850602656894	0.0
63.09573444801933	630.9573444801937	9.045553527970853	0.0
63.09573444801933	398.1071705534973	8.753327666853819	0.0
63.09573444801933	251.18864315095823	8.572921445460576	0.0
63.09573444801933	158.48931924611142	8.460913303133212	0.0
63.09573444801933	100.0	8.39102498270877	0.0
63.09573444801933	63.09573444801933	8.347255237619638	0.0
63.09573444801933	39.810717055349734	8.319772132615169	0.0
63.09573444801933	25.11886431509581	8.302485610407016	0.0
63.09573444801933	15.848931924611142	8.291600332777811	0.0
63.09573444801933	10.0	8.284740914145932	0.0
63.09573444801933	6.309573444801933	8.28041640203888	0.0
63.09573444801933	3.981071705534973	8.27768903738625	0.0
63.09573444801933	2.51188643150958	8.2759689566643	0.0
63.09573444801933	1.5848931924611136	8.274883855910707	0.0
63.09573444801933	1.0	8.274199282040552	0.0
100.0	1.0	11.089282097374516	0.0
100.0	1.5848931924611136	11.089930607638385	0.0
100.0	2.51188643150958	11.090958531331683	0.0
100.0	3.981071705534973	11.092587793104878	0.0
100.0	6.309573444801933	11.095170281220721	0.0
100.0	10.0	11.099264475557636	0.0
100.0	15.848931924611142	11.105755066557435	0.0
100.0	25.11886431509581	11.1160471006961	0.0
100.0	39.810717055349734	11.132371671921204	0.0
100.0	63.09573444801933	11.158276054946839	0.0
100.0	100.0	11.199409484929404	0.0
100.0	158.48931924611142	11.26478964843578	0.0
100.0	251.18864315095823	11.368854246249807	0.0
100.0	398.1071705534973	11.534790484910195	0.0
100.0	630.9573444801937	11.799885277199914	0.0
100.0	1000.0	12.223770880763468	0.0
100.0	1584.893192461114	12.899702292222306	0.0
100.0	2511.886431509582	13.965656554485488	0.0
100.0	3981.0717055349733	15.605699265907742	0.0
100.0	6309.573444801937	18.031928768821622	0.0
100.0	10000.0	21.456906962531363	0.0
100.0	15848.93192461114	26.083438848728132	0.0
100.0	25118.864315095823	32.11652867727231	0.0
100.0	39810.71705534977	39.77340477188392	0.0
100.0	63095.73444801943	49.266092242784865	0.0
100.0	100000.0	60.71407136351201	0.0
158.48931924611142	100000.0	62.08761852029269	0.0
158.48931924611142	63095.73444801943	50.70527933343304	0.0
158.48931924611142	39810.71705534977	41.36624085177006	0.0
158.48931924611142	25118.864315095823	33.92615297488899	0.0
158.48931924611142	15848.93192461114	28.163314290243402	0.0
158.48931924611142	10000.0	23.84389870644153	0.0
158.48931924611142	6309.573444801937	20.730428281590783	0.0
158.48931924611142	3981.0717055349733	18.578395177593364	0.0
158.48931924611142	2511.886431509582	17.145929867523275	0.0
158.48931924611142	1584.893192461114	16.21819672859738	0.0
158.48931924611142	1000.0	15.62692617428352	0.0
158.48931924611142	630.9573444801937	15.252972681829595	0.0
158.48931924611142	398.1071705534973	15.017155409295528	0.0
158.48931924611142	251.18864315095823	14.868559788488863	0.0
158.48931924611142	158.48931924611142	14.774919421129223	0.0
158.48931924611142	100.0	14.715893456125604	0.0
158.48931924611142	63.09573444801933	14.678676053368472	0.0
158.48931924611142	39.810717055349734	14.655204296675812	0.0
158.48931924611142	25.11886431509581	14.640399111799553	0.0
158.48931924611142	15.848931924611142	14.631059505243675	0.0
158.48931924611142	10.0	14.625167353247177	0.0
158.48931924611142	6.309573444801933	14.621449533389244	0.0
158.48931924611142	3.981071705534973	14.619104386304372	0.0
158.48931924611142	2.51188643150958	14.617624687272455	0.0
158.48931924611142	1.5848931924611136	14.616691055841395	0.0
158.48931924611142	1.0	14.616101972462236	0.0
251.18864315095823	1.0	19.101215101970254	0.0
251.18864315095823	1.5848931924611136	19.10173780167535	0.0
251.18864315095823	2.51188643150958	19.102566221914145	0.0
251.18864315095823	3.981071705534973	19.103879160829457	0.0
251.18864315095823	6.309573444801933	19.10595998181031	0.0
251.18864315095823	10.0	19.109257742672032	0.0
251.18864315095823	15.848931924611142	19.11448475067011	0.0
251.18864315095823	25.11886431509581	19.12276819657435	0.0
251.18864315095823	39.810717055349734	19.135895661921904	0.0
251.18864315095823	63.09573444801933	19.156698945805935	0.0
251.18864315095823	100.0	19.189663811351526	0.0
251.18864315095823	158.48931924611142	19.24189336033985	0.0
251.18864315095823	251.18864315095823	19.32462741161602	0.0
251.18864315095823	398.1071705534973	19.455627928882482	0.0
251.18864315095823	630.9573444801937	19.662888886357297	0.0
251.18864315095823	1000.0	19.990291114897346	0.0
251.18864315095823	1584.893192461114	20.505858312571135	0.0
251.18864315095823	2511.886431509582	21.312748582282623	0.0
251.18864315095823	3981.0717055349733	22.56113883142647	0.0
251.18864315095823	6309.573444801937	24.455236519062996	0.0
251.18864315095823	10000.0	27.246898319574694	0.0
251.18864315095823	15848.93192461114	31.213862679280723	0.0
251.18864315095823	25118.864315095823	36.635367863194865	0.0
251.18864315095823	39810.71705534977	43.779110735041485	0.0
251.18864315095823	63095.73444801943	52.89153821143859	0.0
251.18864315095823	100000.0	64.15269500424533	0.0
398.1071705534973	100000.0	67.23664965012036	0.0
398.1071705534973	63095.73444801943	56.18459341684165	0.0
398.1071705534973	39810.71705534977	47.394840845710036	0.0
398.1071705534973	25118.864315095823	40.63654472589028	0.0
398.1071705534973	15848.93192461114	35.62029535213406	0.0
398.1071705534973	10000.0	32.03279305399627	0.0
398.1071705534973	6309.573444801937	29.55717811939947	0.0
398.1071705534973	3981.0717055349733	27.899612966124366	0.0
398.1071705534973	2511.886431509582	26.814228820734275	0.0
398.1071705534973	1584.893192461114	26.11390731027984	0.0
398.1071705534973	1000.0	25.66611465837348	0.0
398.1071705534973	630.9573444801937	25.38132454080379	0.0
398.1071705534973	398.1071705534973	25.200772907097534	0.0
398.1071705534973	251.18864315095823	25.086520056385314	0.0
398.1071705534973	158.48931924611142	25.01430190940208	0.0
398.1071705534973	100.0	24.968684567778087	0.0
398.1071705534973	63.09573444801933	24.939881960290876	0.0
398.1071705534973	39.810717055349734	24.921700829049094	0.0
398.1071705534973	25.11886431509581	24.91022617318149	0.0
398.1071705534973	15.848931924611142	24.902984909052133	0.0
398.1071705534973	10.0	24.898415069519224	0.0
398.1071705534973	6.309573444801933	24.895532011159514	0.0
398.1071705534973	3.981071705534973	24.893712787839096	0.0
398.1071705534973	2.51188643150958	24.8925648811707	0.0
398.1071705534973	1.5848931924611136	24.89184057938602	0.0
398.1071705534973	1.0	24.891383567238947	0.0
630.9573444801937	1.0	32.47324886758641	0.0
630.9573444801937	1.5848931924611136	32.47364399550576	0.0
630.9573444801937	2.51188643150958	32.47427022350313	0.0
630.9573444801937	3.981071705534973	32.4752627055364	0.0
630.9573444801937	6.309573444801933	32.47683562714727	0.0
630.9573444801937	10.0	32.47932839821704	0.0
630.9573444801937	15.848931924611142	32.483278818244685	0.0
630.9573444801937	25.11886431509581	32.48953891823109	0.0
630.9573444801937	39.810717055349734	32.499459647908864	0.0
630.9573444801937	63.09573444801933	32.51517720101025	0.0
630.9573444801937	100.0	32.540075608758336	0.0
630.9573444801937	158.48931924611142	32.57950617707741	0.0
630.9573444801937	251.18864315095823	32.64192212223078	0.0
630.9573444801937	398.1071705534973	32.74065037038754	0.0
630.9573444801937	630.9573444801937	32.89663521942204	0.0
630.9573444801937	1000.0	33.14262469155056	0.0
630.9573444801937	1584.893192461114	33.52939995880522	0.0
630.9573444801937	2511.886431509582	34.13464755530545	0.0
630.9573444801937	3981.0717055349733	35.07462797304451	0.0
630.9573444801937	6309.573444801937	36.51733780296218	0.0
630.9573444801937	10000.0	38.69290386433135	0.0
630.9573444801937	15848.93192461114	41.89384835573584	0.0
630.9573444801937	25118.864315095823	46.45929432001264	0.0
630.9573444801937	39810.71705534977	52.74653406414706	0.0
630.9573444801937	63095.73444801943	61.100722505087774	0.0
630.9573444801937	100000.0	71.82026562437972	0.0
1000.0	100000.0	78.59952954804689	0.0
1000.0	63095.73444801943	68.36182412966606	0.0
1000.0	39810.71705534977	60.55699621880987	0.0
1000.0	25118.864315095823	54.80942215897454	0.0
1000.0	15848.93192461114	50.719214702357036	0.0
1000.0	10000.0	47.899015110754426	0.0
1000.0	6309.573444801937	46.00538108776758	0.0
1000.0	3981.0717055349733	44.75943088960465	0.0
1000.0	2511.886431509582	43.951379572288985	0.0
1000.0	1584.893192461114	43.43241367108185	0.0
1000.0	1000.0	43.10123936351259	0.0
1000.0	630.9573444801937	42.8907736828091	0.0
1000.0	398.1071705534973	42.75737216993722	0.0
1000.0	251.18864315095823	42.67295852068807	0.0
1000.0	158.48931924611142	42.61960000890516	0.0
1000.0	100.0	42.585894316806936	0.0
1000.0	63.09573444801933	42.56461201455002	0.0
1000.0	39.810717055349734	42.55117763387412	0.0
1000.0	25.11886431509581	42.542698004263386	0.0
1000.0	15.848931924611142	42.537347552100385	0.0
1000.0	10.0	42.53397116442257	0.0
1000.0	6.309573444801933	42.53184061637513	0.0
1000.0	3.981071705534973	42.530496255203076	0.0
1000.0	2.51188643150958	42.52964799029427	0.0
1000.0	1.5848931924611136	42.529112759234735	0.0
1000.0	1.0	42.52877504645521	0.0
1584.893192461114	1.0	56.0012868715619	0.0
1584.893192461114	1.5848931924611136	56.00157117375377	0.0
1584.893192461114	2.51188643150958	56.00202175800735	0.0
1584.893192461114	3.981071705534973	56.00273587428886	0.0
1584.893192461114	6.309573444801933	56.00386764309822	0.0
1584.893192461114	10.0	56.00566130237838	0.0
1584.893192461114	15.848931924611142	56.00850387640886	0.0
1584.893192461114	25.11886431509581	56.01300858965727	0.0
1584.893192461114	39.810717055349734	56.02014691642382	0.0
1584.893192461114	63.09573444801933	56.03145748305344	0.0
1584.893192461114	100.0	56.04937792792366	0.0
1584.893192461114	158.48931924611142	56.07776140735458	0.0
1584.893192461114	251.18864315095823	56.1227025175842	0.0
1584.893192461114	398.1071705534973	56.19381999482937	0.0
1584.893192461114	630.9573444801937	56.306260110725574	0.0
1584.893192461114	1000.0	56.48378371942996	0.0
1584.893192461114	1584.893192461114	56.76344639198648	0.0
1584.893192461114	2511.886431509582	57.20250574055819	0.0
1584.893192461114	3981.0717055349733	57.88817690680048	0.0
1584.893192461114	6309.573444801937	58.95042998516877	0.0
1584.893192461114	10000.0	60.57672864908698	0.0
1584.893192461114	15848.93192461114	63.025131624698	0.0
1584.893192461114	25118.864315095823	66.62933167662774	0.0
1584.893192461114	39810.71705534977	71.78922571034897	0.0
1584.893192461114	63095.73444801943	78.94632554241831	0.0
1584.893192461114	100000.0	88.54907633658301	0.0
2511.886431509582	100000.0	102.98563397868563	0.0
2511.886431509582	63095.73444801943	94.15347619902101	0.0
2511.886431509582	39810.71705534977	87.72067471148911	0.0
2511.886431509582	25118.864315095823	83.1803589952924	0.0
2511.886431509582	15848.93192461114	80.06613842434383	0.0
2511.886431509582	10000.0	77.98076378059693	0.0
2511.886431509582	6309.573444801937	76.61011898179146	0.0
2511.886431509582	3981.0717055349733	75.72137793749978	0.0
2511.886431509582	2511.886431509582	75.15050758960199	0.0
2511.886431509582	1584.893192461114	74.78612694558159	0.0
2511.886431509582	1000.0	74.55450970040087	0.0
2511.886431509582	630.9573444801937	74.40767795090989	0.0
2511.886431509582	398.1071705534973	74.31475542549687	0.0
2511.886431509582	251.18864315095823	74.25601390657758	0.0
2511.886431509582	158.48931924611142	74.21890599636026	0.0
2511.886431509582	100.0	74.19547471956398	0.0
2511.886431509582	63.09573444801933	74.18068285672533	0.0
2511.886431509582	39.810717055349734	74.17134778930249	0.0
2511.886431509582	25.11886431509581	74.16545654548004	0.0
2511.886431509582	15.848931924611142	74.16173893815059	0.0
2511.886431509582	10.0	74.15939309385614	0.0
2511.886431509582	6.309573444801933	74.15791288946262	0.0
2511.886431509582	3.981071705534973	74.15697891308811	0.0
2511.886431509582	2.51188643150958	74.15638960167571	0.0
2511.886431509582	1.5848931924611136	74.15601776647065	0.0
2511.886431509582	1.0	74.15578315239006	0.0
3981.0717055349733	1.0	98.6399304662366	0.0
3981.0717055349733	1.5848931924611136	98.64012012173941	0.0
3981.0717055349733	2.51188643150958	98.64042070380482	0.0
3981.0717055349733	3.981071705534973	98.6408970900237	0.0
3981.0717055349733	6.309573444801933	98.64165210062359	0.0
3981.0717055349733	10.0	98.64284868496823	0.0
3981.0717055349733	15.848931924611142	98.64474507599758	0.0
3981.0717055349733	25.11886431509581	98.64775048406959	0.0
3981.0717055349733	39.810717055349734	98.65251331002894	0.0
3981.0717055349733	63.09573444801933	98.6600608136449	0.0
3981.0717055349733	100.0	98.67202012225138	0.0
3981.0717055349733	158.48931924611142	98.69096762592571	0.0
3981.0717055349733	251.18864315095823	98.72098198131839	0.0
3981.0717055349733	398.1071705534973	98.76850913702354	0.0
3981.0717055349733	630.9573444801937	98.84373074245495	0.0
3981.0717055349733	1000.0	98.96268934108086	0.0
3981.0717055349733	1584.893192461114	99.15057891483526	0.0
3981.0717055349733	2511.886431509582	99.44675802603354	0.0
3981.0717055349733	3981.0717055349733	99.91221293408609	0.0
3981.0717055349733	6309.573444801937	100.64026035030128	0.0
3981.0717055349733	10000.0	101.77099111460947	0.0
3981.0717055349733	15848.93192461114	103.50888049318947	0.0
3981.0717055349733	25118.864315095823	106.14068970985188	0.0
3981.0717055349733	39810.71705534977	110.04761415658443	0.0
3981.0717055349733	63095.73444801943	115.70395290646032	0.0
3981.0717055349733	100000.0	123.65785674434935	0.0
6309.573444801937	100000.0	152.905319378379	0.0
6309.573444801937	63095.73444801943	145.90259154616734	0.0
6309.573444801937	39810.71705534977	141.0416528393732	0.0
6309.573444801937	25118.864315095823	137.75366213286415	0.0
6309.573444801937	15848.93192461114	135.5755039360293	0.0
6309.573444801937	10000.0	134.15499446773254	0.0
6309.573444801937	6309.573444801937	133.2388689321739	0.0
6309.573444801937	3981.0717055349733	132.65252510640207	0.0
6309.573444801937	2511.886431509582	132.27915010089384	0.0
6309.573444801937	1584.893192461114	132.0421772148385	0.0
6309.573444801937	1000.0	131.8920969347662	0.0
6309.573444801937	630.9573444801937	131.7971776349835	0.0
6309.573444801937	398.1071705534973	131.73719752909034	0.0
6309.573444801937	251.18864315095823	131.69931665799652	0.0
6309.573444801937	158.48931924611142	131.67540051674973	0.0
6309.573444801937	100.0	131.66030543341074	0.0
6309.573444801937	63.09573444801933	131.65077871921665	0.0
6309.573444801937	39.810717055349734	131.64476682870614	0.0
6309.573444801937	25.11886431509581	131.6409732078123	0.0
6309.573444801937	15.848931924611142	131.63857944575932	0.0
6309.573444801937	10.0	131.63706902465074	0.0
6309.573444801937	6.309573444801933	131.63611598972574	0.0
6309.573444801937	3.981071705534973	131.63551465593105	0.0
6309.573444801937	2.51188643150958	131.63513523621114	0.0
6309.573444801937	1.5848931924611136	131.63489583706064	0.0
6309.573444801937	1.0	131.63474478581443	0.0
10000.0	1.0	176.16351978901298	0.0
10000.0	1.5848931924611136	176.1636391246315	0.0
10000.0	2.51188643150958	176.16382825835956	0.0
10000.0	3.981071705534973	176.16412801389882	0.0
10000.0	6.309573444801933	176.16460309134925	0.0
10000.0	10.0	176.1653560306733	0.0
10000.0	15.848931924611142	176.1665493397567	0.0
10000.0	25.11886431509581	176.16844055865855	0.0
10000.0	39.810717055349734	176.17143781670626	0.0
10000.0	63.09573444801933	176.17618784438108	0.0
10000.0	100.0	176.18371536193283	0.0
10000.0	158.48931924611142	176.19564374232542	0.0
10000.0	251.18864315095823	176.21454410350822	0.0
10000.0	398.1071705534973	176.24448699067423	0.0
10000.0	630.9573444801937	176.2919143189942	0.0
10000.0	1000.0	176.36700497584857	0.0
10000.0	1584.893192461114	176.4858264168346	0.0
10000.0	2511.886431509582	176.6736730835533	0.0
10000.0	3981.0717055349733	176.9702134109511	0.0
10000.0	6309.573444801937	177.43728414445962	0.0
10000.0	10000.0	178.17038159653063	0.0
10000.0	15848.93192461114	179.31488512539804	0.0
10000.0	25118.864315095823	181.08739500443508	0.0
10000.0	39810.71705534977	183.8006156255912	0.0
10000.0	63095.73444801943	187.8864997328331	0.0
10000.0	100000.0	193.90796000487444	0.0
15848.93192461114	100000.0	250.99004031351453	0.0
15848.93192461114	63095.73444801943	245.93262214386877	0.0
15848.93192461114	39810.71705534977	242.56766117128143	0.0
15848.93192461114	25118.864315095823	240.36629993623941	0.0
15848.93192461114	15848.93192461114	238.94352120012132	0.0
15848.93192461114	10000.0	238.03159231602672	0.0
15848.93192461114	6309.573444801937	237.45033993094538	0.0
15848.93192461114	3981.0717055349733	237.08120591042788	0.0
15848.93192461114	2511.886431509582	236.84733318564938	0.0
15848.93192461114	1584.893192461114	236.6993817483895	0.0
15848.93192461114	1000.0	236.60587543357568	0.0
15848.93192461114	630.9573444801937	236.54681489258328	0.0
15848.93192461114	398.1071705534973	236.50952545155968	0.0
15848.93192461114	251.18864315095823	236.48598726510176	0.0
15848.93192461114	158.48931924611142	236.47113207082245	0.0
15848.93192461114	100.0	236.46175747228085	0.0
15848.93192461114	63.09573444801933	236.45584186145516	0.0
15848.93192461114	39.810717055349734	236.45210910890555	0.0
15848.93192461114	25.11886431509581	236.44975379995853	0.0
15848.93192461114	15.848931924611142	236.44826766014265	0.0
15848.93192461114	10.0	236.44732995325265	0.0
15848.93192461114	6.309573444801933	236.44673829380974	0.0
15848.93192461114	3.981071705534973	236.44636497939427	0.0
15848.93192461114	2.51188643150958	236.44612943290784	0.0
15848.93192461114	1.5848931924611136	236.4459808127188	0.0
15848.93192461114	1.0	236.44588703955898	0.0
25118.864315095823	1.0	318.24596503758846	0.0
25118.864315095823	1.5848931924611136	318.24603830992106	0.0
25118.864315095823	2.51188643150958	318.24615443854793	0.0
25118.864315095823	3.981071705534973	318.24633848969927	0.0
25118.864315095823	6.309573444801933	318.2466301903111	0.0
25118.864315095823	10.0	318.2470925026051	0.0
25118.864315095823	15.848931924611142	318.2478252131362	0.0
25118.864315095823	25.11886431509581	318.24898646831855	0.0
25118.864315095823	39.810717055349734	318.25082690173093	0.0
25118.864315095823	63.09573444801933	318.2537437116821	0.0
25118.864315095823	100.0	318.25836634189005	0.0
25118.864315095823	158.48931924611142	318.26569220964234	0.0
25118.864315095823	251.18864315095823	318.2773016533414	0.0
25118.864315095823	398.1071705534973	318.2956981820385	0.0
25118.864315095823	630.9573444801937	318.3248466826521	0.0
25118.864315095823	1000.0	318.3710245219833	0.0
25118.864315095823	1584.893192461114	318.44416085810826	0.0
25118.864315095823	2511.886431509582	318.559948489225	0.0
25118.864315095823	3981.0717055349733	318.7431451040107	0.0
25118.864315095823	6309.573444801937	319.0327071589026	0.0
25118.864315095823	10000.0	319.48967891989025	0.0
25118.864315095823	15848.93192461114	320.2090971058141	0.0
25118.864315095823	25118.864315095823	321.3374384000534	0.0
25118.864315095823	39810.71705534977	323.0970115446901	0.0
25118.864315095823	63095.73444801943	325.81750095485813	0.0
25118.864315095823	100000.0	329.9715985418601	0.0
39810.71705534977	100000.0	438.8064002294116	0.0
39810.71705534977	63095.73444801943	435.46794414641005	0.0
39810.71705534977	39810.71705534977	433.307795021824	0.0
39810.71705534977	25118.864315095823	431.92220564195316	0.0
39810.71705534977	15848.93192461114	431.0386129229822	0.0
39810.71705534977	10000.0	430.47729426976105	0.0
39810.71705534977	6309.573444801937	430.12158649673563	0.0
39810.71705534977	3981.0717055349733	429.8965311889195	0.0
39810.71705534977	2511.886431509582	429.75428300047065	0.0
39810.71705534977	1584.893192461114	429.664431392245	0.0
39810.71705534977	1000.0	429.6076993234329	0.0
39810.71705534977	630.9573444801937	429.57188770881015	0.0
39810.71705534977	398.1071705534973	429.5492862386892	0.0
39810.71705534977	251.18864315095823	429.53502312558396	0.0
39810.71705534977	158.48931924611142	429.5260226942745	0.0
39810.71705534977	100.0	429.52034340173606	0.0
39810.71705534977	63.09573444801933	429.51675984942204	0.0
39810.71705534977	39.810717055349734	429.51449871668245	0.0
39810.71705534977	25.11886431509581	429.5130720128562	0.0
39810.71705534977	15.848931924611142	429.5121718134415	0.0
39810.71705534977	10.0	429.5116038219632	0.0
39810.71705534977	6.309573444801933	429.51124544195955	0.0
39810.71705534977	3.981071705534973	429.5110193188216	0.0
39810.71705534977	2.51188643150958	429.51087664451376	0.0
39810.71705534977	1.5848931924611136	429.51078662301	0.0
39810.71705534977	1.0	429.51072982323956	0.0
63095.73444801943	1.0	581.1745308276303	0.0
63095.73444801943	1.5848931924611136	581.1745743807469	0.0
63095.73444801943	2.51188643150958	581.1746434074245	0.0
63095.73444801943	3.981071705534973	581.1747528072564	0.0
63095.73444801943	6.309573444801933	581.1749261941042	0.0
63095.73444801943	10.0	581.1752009932634	0.0
63095.73444801943	15.848931924611142	581.1756365193439	0.0
63095.73444801943	25.11886431509581	581.1763267785916	0.0
63095.73444801943	39.810717055349734	581.1774207580378	0.0
63095.73444801943	63.09573444801933	581.1791545791843	0.0
63095.73444801943	100.0	581.1819024517339	0.0
63095.73444801943	158.48931924611142	581.1862574136693	0.0
63095.73444801943	251.18864315095823	581.1931592553786	0.0
63095.73444801943	398.1071705534973	581.2040971642247	0.0
63095.73444801943	630.9573444801937	581.2214306400159	0.0
63095.73444801943	1000.0	581.2488974727722	0.0
63095.73444801943	1584.893192461114	581.292417230461	0.0
63095.73444801943	2511.886431509582	581.3613616855562	0.0
63095.73444801943	3981.0717055349733	581.4705541879011	0.0
63095.73444801943	6309.573444801937	581.6434210364398	0.0
63095.73444801943	10000.0	581.9169170958018	0.0
63095.73444801943	15848.93192461114	582.3491821940461	0.0
63095.73444801943	25118.864315095823	583.0312984262918	0.0
63095.73444801943	39810.71705534977	584.1050122452544	0.0
63095.73444801943	63095.73444801943	585.788659973332	0.0
63095.73444801943	100000.0	588.4132972054545	0.0
100000.0	100000.0	791.025070819173	0.0
100000.0	63095.73444801943	788.977465568272	0.0
100000.0	39810.71705534977	787.6714412981316	0.0
100000.0	25118.864315095823	786.8416582155592	0.0
100000.0	15848.93192461114	786.3157812857992	0.0
100000.0	10000.0	785.9830430863414	0.0
100000.0	6309.573444801937	785.7727260338236	0.0
100000.0	3981.0717055349733	785.6398756945547	0.0
100000.0	2511.886431509582	785.5559932330577	0.0
100000.0	1584.893192461114	785.5030428725353	0.0
100000.0	1000.0	785.4696244279265	0.0
100000.0	630.9573444801937	785.4485349945937	0.0
100000.0	398.1071705534973	785.4352269403549	0.0
100000.0	251.18864315095823	785.4268295199928	0.0
100000.0	158.48931924611142	785.4215308647334	0.0
100000.0	100.0	785.4181875432608	0.0
100000.0	63.09573444801933	785.4160780117793	0.0
100000.0	39.810717055349734	785.4147469721752	0.0
100000.0	25.11886431509581	785.4139071369067	0.0
100000.0	15.848931924611142	785.4133772342594	0.0
100000.0	10.0	785.4130428873325	0.0
100000.0	6.309573444801933	785.4128319283012	0.0
100000.0	3.981071705534973	785.412698822	0.0
100000.0	2.51188643150958	785.4126148375376	0.0
100000.0	1.5848931924611136	785.4125618469074	0.0
100000.0	1.0	785.4125284120663	0.0
